Embedding Distribution Statistics
===============================

sentence_real:
  mean: 6.750546890543774e-05
  std: 0.006363002583384514
  min: -0.04168667644262314
  max: 0.04961169883608818
  abs_mean: 0.003953216597437859

sentence_imag:
  mean: 4.118865489959717
  std: 2.031226396560669
  min: 1.2149587869644165
  max: 7.210472106933594
  abs_mean: 4.118865489959717

token_real:
  mean: 4.906916001345962e-05
  std: 0.019525324925780296
  min: -0.09766281396150589
  max: 0.09021217375993729
  abs_mean: 0.01551708672195673

token_imag:
  mean: 0.2488148808479309
  std: 0.06508680433034897
  min: 0.010337470099329948
  max: 0.48394259810447693
  abs_mean: 0.2488148808479309

